8560 1450327775 0.0 3 0
8561 1450331376 1480.72469896 1 0
8561 1450331376 2182.34002153 1 0
8563 1450338580 1455.91615570 1 0
8563 1450338580 3090.15779786 1 0
8564 1450342181 944.34664395 1 0
8564 1450342181 1083.64436037 1 0
8564 1450342181 1880.51299541 1 0
8566 1450349384 2091.03688934 1 0
8568 1450364558 0.0 3 0
8569 1450394029 0.0 3 0
8569 1450394029 244.83766171 1 0
8570 1450395772 3063.28896389 1 0
8571 1450399374 3468.71818124 1 0
8572 1450402977 1801.39879443 2 0
8572 1450402977 2684.25545146 1 0
8573 1450406579 2887.02434814 1 0
8574 1450410182 880.16534545 1 0
8575 1450413784 324.48953622 1 0
8575 1450413784 1769.72820003 1 0
8575 1450413784 2167.81703072 2 0
8576 1450417387 2506.47401253 1 0
8576 1450417387 3055.53003499 1 0
8577 1450420989 316.09552024 1 0
8577 1450420989 1956.80391046 1 0
8577 1450420989 2760.60840273 1 0
8578 1450424592 1917.96612841 1 0
8579 1450428195 1326.17813500 1 0
8579 1450428195 1516.78483727 1 0
8579 1450428195 2408.86027813 2 0
8580 1450431797 2778.15775739 1 0
8580 1450431797 2969.05000148 1 0
8582 1450439002 759.30522615 1 0
8582 1450439002 1705.42049529 1 0
8582 1450439002 2417.93424169 1 0
8583 1450442605 3127.24989224 1 0
8584 1450446207 1664.50289565 1 0
8584 1450446207 1684.69415034 1 0
8585 1450449810 124.79383254 2 0
8585 1450449810 1803.97683865 1 0
8585 1450449810 3321.63301761 1 0
8586 1450453412 1016.61431996 2 0
8586 1450453412 1921.06027963 1 0
8586 1450453412 3332.85700221 2 0
8587 1450457015 1752.78458982 2 0
8587 1450457015 2876.86377348 1 0
8588 1450460618 519.79391663 1 0
8590 1450466122 3035.28027123 1 0
8591 1450469724 506.66378159 1 0
8591 1450469724 3538.57623152 1 0
8592 1450473325 2049.87857338 2 0
8592 1450473325 2290.74099221 1 0
8593 1450476927 456.08141785 1 0
8593 1450476927 2814.30481740 2 0
8593 1450476927 3062.42065866 2 0
8594 1450480529 207.58921982 1 0
8594 1450480529 2990.80920255 1 0
8595 1450484130 1693.76698361 1 0
8595 1450484130 1968.16136931 1 0
8596 1450487732 586.80677268 2 0
8596 1450487732 934.28200796 1 0
8596 1450487732 1923.86686817 1 0
8597 1450491334 1902.68607265 2 0
8598 1450494935 371.48902916 1 0
8598 1450494935 2946.67146270 1 0
8599 1450498537 2334.34668563 2 0
8599 1450498537 2831.85192998 1 0
8601 1450505740 386.72222280 1 0
8601 1450505740 2113.50308611 1 0
8601 1450505740 2580.37588710 1 0
8608 1450530952 1053.42718106 1 0
8608 1450530952 2346.70189945 1 0
8608 1450530952 3413.87913928 2 0
8609 1450534554 263.32606123 1 0
8610 1450538155 2748.54513647 1 0
8611 1450541757 1568.31698350 1 0
8611 1450541757 2153.91562924 1 0
8611 1450541757 2486.81985444 1 0
8613 1450548960 2602.99108079 1 0
8614 1450552562 1410.84431575 1 0
8615 1450556164 3075.13133499 1 0
8615 1450556164 3560.31163987 2 0
8616 1450559765 1234.17690462 1 0
8616 1450559765 2925.86570538 1 0
8616 1450559765 3090.40059653 1 0
8616 1450559765 3400.68317502 1 0
8617 1450563367 997.29030556 1 0
8617 1450563367 3434.94597477 1 0
8618 1450566969 2110.06541083 1 0
8619 1450570570 1562.11042199 1 0
8621 1450577774 1707.40349847 1 0
8626 1450595782 718.66737480 1 0
8627 1450599384 960.81382568 2 0
8628 1450602985 826.90220104 1 0
8629 1450606587 3512.12315709 1 0
8630 1450610189 197.44029624 1 0
8630 1450610189 2264.75590073 1 0
8632 1450617392 3121.90750400 1 0
8633 1450620994 1016.68788404 1 0
8635 1450628197 946.94700687 1 0
8635 1450628197 3385.14652142 1 0
8636 1450631799 2015.11546580 1 0
8637 1450635401 204.30512775 1 0
8638 1450639002 374.28099441 1 0
8638 1450639002 388.29374707 1 0
8638 1450639002 446.41897268 1 0
8638 1450639002 1304.03998438 1 0
8639 1450642604 2248.06190761 1 0
8639 1450642604 2387.22984903 2 0
8640 1450646206 2896.46100542 1 0
8640 1450646206 2915.13735468 1 0
8644 1450660612 2550.13523363 1 0
8645 1450664214 1306.57934301 1 0
8645 1450664214 2259.74856433 1 0
8645 1450664214 3227.77856212 1 0
8646 1450667816 1147.87015025 2 0
8646 1450667816 2070.23716771 1 0
8647 1450671418 4.76867697 1 0
8647 1450671418 1755.22952266 1 0
8648 1450675019 424.98864948 1 0
8649 1450678621 1792.47195798 1 0
8649 1450678621 2056.05292184 1 0
8649 1450678621 2154.64649849 1 0
8651 1450685824 847.76657226 1 0
8652 1450689426 60.10574176 1 0
8652 1450689426 2767.05137507 1 0
8653 1450693028 136.04664654 1 0
8653 1450693028 3141.10312712 1 0
8654 1450696629 436.08639306 2 0
8654 1450696629 818.36308067 1 0
8654 1450696629 3501.99731864 2 0
8655 1450700231 812.48634229 2 0
8655 1450700231 1598.85917224 1 0
8656 1450703833 1143.87640215 1 0
8656 1450703833 1781.02006106 1 0
8657 1450707434 1012.58459559 1 0
8657 1450707434 1489.08866347 2 0
8658 1450711036 230.73321087 1 0
8660 1450718240 2419.38739909 1 0
8662 1450725443 1280.30503489 1 0
8663 1450729045 2833.42487643 1 0
8666 1450739850 2882.31093879 1 0
8668 1450747053 34.90699819 1 0
8668 1450747053 838.28785279 1 0
8669 1450750655 224.46594643 1 0
8669 1450750655 1102.18570912 2 0
8670 1450754256 1367.31592384 1 0
8670 1450754256 1370.39608006 1 0
8671 1450757858 1386.87001219 1 0
8671 1450757858 1991.87280503 2 0
8671 1450757858 3093.05911822 1 0
8673 1450765061 318.84140531 1 0
8673 1450765061 3347.89573735 1 0
8674 1450768663 271.55049300 1 0
8674 1450768663 3240.24562268 1 0
8676 1450775866 338.61775201 1 0
8676 1450775866 509.83703958 2 0
8676 1450775866 3228.20171011 1 0
8677 1450779468 1584.40326886 1 0
8677 1450779468 2635.42836696 1 0
8679 1450786671 706.04953658 2 0
8680 1450790273 1499.35698700 1 0
8680 1450790273 1672.52481354 2 0
8680 1450790273 3060.24653103 2 0
8681 1450793875 2272.75637954 1 0
8682 1450797477 827.68789603 1 0
8682 1450797477 3233.09006798 1 0
8683 1450801079 2359.06613100 1 0
8685 1450847056 0.0 3 0
8685 1450847056 1711.32200495 2 0
8687 1450851599 0.0 3 0
8688 1450852488 0.0 3 0
8688 1450852488 1517.42733553 1 0
8689 1450856090 504.07842364 1 0
8690 1450859692 526.42377587 1 0
8690 1450859692 2764.42540076 1 0
8691 1450863293 347.30674318 1 0
8691 1450863293 3192.30937987 1 0
8692 1450866895 1627.87743250 1 0
8694 1450874099 1171.81728657 2 0
8694 1450874099 1928.83561011 2 0
8695 1450877701 1038.22469874 1 0
8695 1450877701 2175.71792928 1 0
8696 1450881303 422.71509710 2 0
8696 1450881303 1045.60454675 1 0
8697 1450884905 490.04838878 1 0
