KJR_04  214 242 312 223 224 279 293 191 299 329 184 231 291 220 274 170 55 140 82 115 88 93 111 73 98 79 9999 100 88 108 114 104
KJR_03  216 244 314 224 226 281 295 192 302 331 186 232 293 221 276 172 55 143 82 117 88 93 115 73 98 79 68 103 88 112 116 106
KJR_02  218 245 301 225 228 284 297 194 302 332 187 230 294 214 278 178 55 146 82 118 88 93 119 73 119 102 80 110 145 160 116 83
KJR_01  220 247 317 227 231 286 298 197 305 335 190 236 297 227 280 180 55 148 82 121 88 93 121 73 9999 9999 9999 9999 9999 9999 9999 9999
K93_VetoOnlyRuns   219 247 315 225 229 281 296 194 306 334 191 236 296 225 278 178 55 147 82 119 88 93 119 73 9999 9999 9999 9999 9999 9999 9999 9999
JDY_10  134 126 107 102 165 125 122 116 128 100 121 115 107 116 107 9999 59 157 98 130 88 93 135 73 132 113 91 120 157 172 126 92
JDY_09  135 128 109 104 167 126 124 117 128 101 121 115 107 115 105 9999 65 162 104 134 88 94 144 73 138 118 94 124 159 176 128 95
JDY_08  135 128 109 104 167 126 123 117 128 100 121 115 106 114 104 9999 64 161 103 133 88 93 144 73 138 118 94 123 159 175 128 94
JDY_07  136 129 110 104 168 127 124 117 129 102 122 116 107 115 105 9999 65 163 105 133 88 93 144 73 137 117 93 123 159 176 129 95
JDY_06  135 128 109 104 167 126 123 116 127 101 121 115 106 114 104 9999 64 161 103 132 88 93 140 73 134 115 91 121 156 173 127 93
JDY_05  134 127 109 104 167 126 123 116 127 100 120 114 106 114 103 9999 65 161 103 133 88 93 140 73 135 115 91 121 157 174 127 94
JDY_04  135 127 109 103 165 124 122 116 128 101 121 115 107 114 104 9999 67 164 106 135 88 94 144 73 137 117 94 124 160 173 130 96
JDY_03  134 126 107 102 163 122 121 114 128 101 120 114 105 113 103 9999 67 164 106 135 88 93 142 73 136 117 93 123 159 176 130 96
JDY_02  134 123 108 103 151 124 122 116 127 100 120 114 102 112 103 9999 65 162 104 134 88 93 123 73 135 115 92 122 141 160 128 95
JDY_01 137 129 110 105 167 126 123 117 130 103 123 116 108 116 106 9999 73 167 107 134 88 94 145 80 9999 9999 9999 9999 9999 9999 9999 9999
Debug   400 400 400 400 400 400 400 400 400 400 400 400 400 400 400 400 400 400 400 400 400 400 400 400 400 400 400 400 400 400 400 400 